136
19
155
22
177
19
196
15
211
12
223
8
231
6
237
4
241
6
247
4
251
6
257
8
265
12
277
15
292
19
311
22
333
19
352
1
353
1
354
1
355
1
356
1
357
1
358
1
359
1
360
1
361
1
362
1
363
1
364
1
365
1
366
1
367
1
368
1
369
1
370
1
371
1
372
1
373
1
374
1
375
1
376
1
377
1
378
1
379
1
380
1
381
1
382
1
383
1
384
1
385
1
386
1
387
1
388
1
389
1
390
1
391
1
392
1
393
1
394
1
395
1
396
1
397
1
398
1
399
1
400
1
401
1
402
1
16655
16901
17155
17412
17669
17926
18183
18440
18826
19083
19340
19726
19983
20240
20625
21010
21396
157
671
16922
17177
17435
17821
18208
18594
18980
19366
19752
20139
20525
20911
21168
21555
188
575
961
1477
1863
2249
2636
3280
16411
16948
17589
18232
18876
19262
19648
20163
20678
21192
21707
340
855
1370
1756
2142
2657
3043
3429
16363
16973
17871
18644
19416
20189
20833
21733
752
1523
2037
2681
3323
3708
4222
31497
31491
31484
31555
31626
31730
31865
3224
3737
4250
4764
5150
32139
32192
32271
32368
32436
32521
32600
32655
32445
32465
32506
32546
32585
32640
32716
32733
32750
32785
32914
32913
32912
32911
32910
32909
33076
33057
33038
33001
33357
33333
33287
33243
33202
33144
33675
33612
33524
33420
33348
33260
33179
33123
34322
34316
34309
34227
34147
34034
33897
13269
12750
12231
11713
11325
27304
26767
25869
25094
24318
23543
22897
21991
15699
14922
14404
13758
13110
12721
12203
27231
26742
26103
25456
24810
24422
24034
23517
23000
22482
21965
16061
15544
15027
14639
14251
13734
13346
12958
26716
26465
26207
25819
25432
25044
24656
24268
23880
23493
23105
22717
22458
22071
16167
15780
15392
14876
14488
14100
13713
13067
26939
26695
26443
26184
25925
25666
25407
25148
24760
24501
24242
23854
23595
23336
22947
22558
22170
16136
15618
27932
28270
28552
28771
28990
29567
29780
30000
30316
30627
8155
8173
8184
8190
6516
7363
8203
9043
9884
1828
4016
5177
6341
4804
3771
9955
11094
12255
14323
12526
11495
5262
6024
7375
8215
9055
10394
11179
9674
8835
8235
7635
6793
5779
7384
8225
9064
10536
8828
8228
7628
